0.018632231
-0.010063935
0.0041619847
-0.06331391
0.0011044721
-0.056801658
-0.0388005
0.00021009729
-0.06634536
0.0410153
-0.059627637
-0.0143679185
-0.036408585
-0.0019899888
-0.017644122
0.05352972
0.031090446
-0.0016655781
-0.01769313
-0.08572447
-0.049530324
-0.06103465
-0.015119081
-0.077473916
0.0026412336
0.0068260226
-0.027348457
-0.026048813
0.039797936
-0.08004015
-0.006411245
0.024678947
0.08473132
0.058408983
0.008528127
-0.023409352
-0.03626395
0.031677775
-0.00063870143
-0.04935903
-0.026380189
0.016322691
-0.00905936
0.086978585
0.0017020116
-0.046331953
-0.060737986
-0.035913035
-0.048396725
0.003993816
-0.06928272
-0.102498226
0.010310795
-0.05645432
-0.00921475
0.069722295
0.04465934
0.11444835
-0.05109181
0.079554774
0.048811115
-0.060738284
-0.06164594
0.0015130938
0.0065344586
-0.0035184359
-0.0527548
0.035331707
-0.02071372
-0.099632464
-0.05419318
-0.091612615
-0.065315455
0.06431506
-0.03154944
0.004388168
0.02507178
0.017711496
0.09140293
-0.07740584
-0.046648636
0.019376006
-0.004464041
-0.010339837
-0.040540077
0.009264504
0.023498897
-0.058518417
0.051424358
0.07090675
-0.016154492
0.013301398
0.008448674
-0.06257762
-0.027329769
0.07157864
-0.036482822
-0.058311973
-0.099247046
0.1364557
-0.12657864
-0.030352885
0.01589773
0.024793463
-0.08936183
0.0137377465
0.08861037
0.037203163
-0.0071238275
-0.020474277
-0.050383933
0.04873576
0.0054834373
-0.02579047
0.009396229
-0.054065626
-0.0017300291
-0.047219805
-0.0018375008
0.011287944
-0.02719345
0.088205606
-0.022061834
0.03286935
0.031828027
-0.064211555
-0.006829949
0.054551363
0.019553611
0.04695093
0.07369642
0.055507086
0.067506835
-0.026267732
0.031975195
-0.00044865595
0.0017660994
0.018320063
0.006590091
0.103302754
0.055683915
0.092406616
0.024921488
0.019155199
-0.024780318
0.09718194
-0.06526126
-0.10787724
0.061875165
-0.017092822
0.0010446012
-0.02797581
0.037519194
0.064071834
-0.014365828
0.11655076
0.14555214
0.011990013
-0.04316719
-0.09040691
-0.02267955
0.09363743
0.024951572
0.04411611
-0.029544992
-0.07758314
0.10328376
0.043811902
-0.00259312
0.023305506
0.01361938
-0.06866267
-0.071715
0.0016425721
0.043446213
-0.086859435
0.038680192
-0.024909627
-0.004773617
-0.0030791382
0.031020558
-0.017867267
0.012306591
-0.041032117
0.01164585
-0.016019324
0.017803375
-0.005291882
0.061024036
-0.023627177
0.0037603497
0.070122406
-0.011469586
0.013675889
-0.057071082
-0.06854907
0.06668463
-0.046908163
0.00527104
0.040691182
0.008573858
-0.008544088
-0.014676251
0.028419815
-0.013729686
-0.040854
0.0072955796
-0.04531608
-0.083679095
0.022946201
0.03361788
-0.115564875
-0.017020965
-0.047700908
-0.055969432
-0.021863144
0.0389135
0.0253873
-0.08581876
-0.031783663
0.02423621
0.14279237
-0.019583642
1.946452E-33
-0.05794734
-0.022598825
0.08939734
-0.062488288
0.0024439234
-0.10302426
0.046243846
0.014189089
0.0169283
0.008591876
-0.012446193
0.056713223
-0.05249969
-0.024245508
-0.011308732
0.024232967
-0.046648405
-0.10210222
-0.06028655
0.015863808
0.06622079
0.008193993
-0.101350635
0.044844016
0.08631364
0.014907233
0.060263313
-0.081954
-0.006294399
0.0008246442
-0.07055553
0.0049870037
-0.08051742
0.070066094
0.024208557
-0.04398076
0.0062674037
-0.058423933
-0.011658813
-0.0065876637
0.052242104
0.008852564
-0.089753
0.062233966
-0.041196283
0.059579574
-0.0049384437
-0.030546818
-0.03153516
-0.05585943
-0.057292692
0.05383777
0.039644703
0.0013546264
0.046660747
0.0049449448
0.05095457
0.038418554
-0.0023354092
0.02405616
-0.031738188
-0.025183177
0.0006098663
0.044518728
-0.01590205
-0.015795523
0.013762152
0.011277289
-0.011222926
-0.119004205
0.03846644
-0.05000964
-0.0073868427
-0.062273633
-0.12946042
-0.020519324
-0.023080766
-0.05488133
-0.12009354
-0.017121186
-0.025645217
-0.018391177
0.08447594
0.07674339
0.05293783
0.05392447
0.06198546
-0.03310516
-0.0534093
0.02347478
-0.045146827
-0.0018333669
-0.026590206
0.10318075
-0.036804486
1.4559124E-31
0.006583421
-0.07655675
-0.11234852
0.012656503
0.069454215
0.052506927
0.0072611994
0.01617412
-0.038883705
-0.013282363
0.073834665
-0.021341646
-0.072597004
0.10308181
0.020699589
-0.032982063
0.025709119
-0.0030749904
0.055059355
-0.046083916
0.002918044
0.036609367
0.075719416
-0.027937412
-0.0057871956
-0.050563794
-0.052538395
0.053255443
0.023160253
-0.00012115857
-0.04657143
0.025415689
0.0016991901
-0.01218072
0.008178703
0.07621747
0.006829014
0.05638833
-0.088908814
0.02348011
-0.051429864
-0.007268953
0.05967812
0.0058799107
0.059526727
-0.019026851
0.015153409
-0.020354591
0.06366636
-0.09246564
-0.048029218
0.034036454
0.010543511
-0.017176071
0.10284269
-0.016841235
-0.035754573
-0.054259706
-0.06941838
0.08588061
-0.05360173
0.007396819
-0.028800035
0.005953394
0.044547673
-0.082081676
0.043328844
-0.020270774
0.006769197
-0.044870052
-0.027458621
0.012428194
-0.04578906
0.04534557
-0.04652042
0.0013159144
0.041363373
-0.024759673
0.043207593
0.037393183
-0.020340644
0.015396678
-0.055728864
-0.037147183
-0.08519802
-0.008012718
0.037414473
-0.03203362
-0.04604974
-0.070549175
-0.017273314
0.0022122278
-0.0057070022
-0.04732718
-0.012862982
0.035555545
0.15450002
0.06224776
-0.039093517
0.015099864
0.02770453
-0.08285484
-0.018653853
-0.08968726
0.015417833
-0.06966858
-0.013697462
0.05165813
0.03183587
0.014456195
-0.106678486
0.011396639
-0.07885953
-0.024327215
-0.10358147
-0.12322742
0.017205628
0.05277242
-0.05063806
-0.03187367
0.011621951
0.011513052
0.011727303
-0.027245583
0.023773981
-0.0168526
0.046180647
0.03167343
-0.064927794
0.022412255
-0.04839138
0.085423104
-0.005956875
-0.07799144
0.025748681
-0.08474437
-0.07860834
0.06999902
-0.05368346
0.06538358
0.057640433
-0.056092527
0.06019867
-0.047888905
-0.040048283
-0.017729295
0.011872764
0.07258249
-0.050676625
-0.033678535
-0.014818348
-0.018747093
0.0415049
0.060574464
-0.05244505
0.016266799
0.083407
-0.01851596
0.05649757
0.06253472
-0.025842628
-0.08489056
-0.1039597
0.09986595
-0.085939184
0.087659545
0.07319853
-0.013128673
-0.036701206
0.06096005
-0.025672339
-0.094881564
0.010560252
-0.0025605094
-0.021928346
0.06684743
0.038555782
-0.08825613
0.047633365
-0.03777386
-0.009884099
-0.022321748
0.0071045524
0.047337044
-0.028589014
0.050001044
-0.0249591
0.028257955
0.10453515
-0.05101188
-0.07518875
0.043099068
0.037103664
0.07431191
0.04425913
0.111808434
0.009966046
-0.065470025
0.054428626
-0.020168079
-0.047141913
-0.07257338
0.015216541
0.057509437
0.038202193
0.09969111
0.0029895417
-0.056356963
0.00033472263
0.07693666
-0.009882149
-0.049482185
0.07380997
-0.035488565
-0.0012007604
0.053729806
0.03617939
0.042467494
0.05020503
-0.039227862
0.055843826
0.03812156
-0.0060366564
0.011464742
-0.0094961375
0.04455926
0.04195238
0.026131088
-0.0097064
-0.074361295
0.026513327
0.029150218
-0.008186716
0.0864671
0.07516011
0.011096128
-0.012904792
-0.02903516
0.00071762595
-0.0027996614
0.042514026
0.024807068
0.025939252
0.01608713
-0.01897141
-0.013703201
0.045524403
-0.021968734
-0.009690748
-0.041924704
0.02149615
-0.01785412
0.044695284
-0.06699575
0.073411435
0.07478562
0.010310382
0.06215786
-0.047852177
-0.04942539
0.04046229
0.08283883
0.036803674
0.07989171
-0.040137965
0.0070037227
-0.059287086
0.057046976
-0.0212239
-0.100554794
0.017653795
-0.04277902
-0.018009216
-0.035066333
-0.04718921
-0.033016942
0.1247007
-0.028811662
0.027127676
-0.04303495
0.038060848
-0.006323284
-0.1014915
-0.023194188
0.008084644
0.07378328
-0.048934225
4.7299773E-33
-0.030095208
0.04315792
-0.08923763
0.075184405
-0.00047627423
-0.060651883
0.030284233
0.029654944
0.014695894
0.063287675
-0.025537971
-0.009732064
-0.0032532734
0.042485967
-0.056333307
-0.034002345
0.031491373
-0.080134995
-0.0023313786
0.07514102
0.026778635
0.047791753
-0.1555235
0.013132347
0.0013597334
0.06468984
0.0038719354
-0.029626893
0.0003553121
-0.0022562393
-0.03525816
0.021661049
-0.099944994
0.08574737
-0.028437397
0.07535246
0.015288997
-0.15737349
0.017777381
-0.030481508
0.06470165
-0.030998679
-0.11013967
0.023774475
-0.04292686
0.0027588226
-0.03732851
0.0019996664
-0.048784796
0.009138204
-0.09394793
0.0017788742
0.014192245
-0.047437314
0.068143696
0.019056087
0.013701899
0.026249694
0.01180156
0.012117492
-0.033988763
-0.023263788
0.02553065
0.027578112
0.017146138
0.0014711891
0.025915418
0.049091943
-0.04967291
-0.11559769
0.01929435
-0.0021038672
-0.0021666095
-0.07709846
-0.06284338
-0.0028407916
0.022438325
0.014183304
-0.026320558
-0.010362972
0.01597989
-0.043742064
0.05618003
-0.0012152571
0.026681643
0.049093418
-0.02991353
-0.0031959114
-0.04037429
0.079909235
-0.029409176
-0.013352516
-0.061316863
0.005487484
-0.10377073
8.9945636E-32
-0.014047173
0.01743652
-0.1102911
0.025880137
0.03130914
0.017833088
-0.048926655
0.0034542044
-0.023624245
-0.0027119943
0.047009345
-0.042102914
-0.037008267
0.09088209
0.042962857
-0.023058381
-0.019104205
0.021357987
-0.0026270987
-0.13036525
0.076210745
0.05870356
-0.066130646
-0.0022952766
-0.027908724
-0.06674412
-0.05507663
0.03246823
-0.029890949
-0.086402796
-0.034761537
0.09238828
-0.007471461
-0.033017885
0.0079498105
0.01818877
-0.0027467469
0.03742727
-0.012364971
-0.027146345
-0.03635381
0.029200297
-0.021132588
-0.015023522
0.016549977
0.028522177
0.036211617
-0.0639354
0.04524818
-0.032763086
-0.06756878
-0.04069022
0.021417065
0.07488972
0.0929301
0.064287275
-0.019347906
0.011165648
-0.07043139
0.1336649
-0.014310852
0.05382261
-0.02749873
-0.081122816
-0.07157808
-0.12767115
0.0022239154
0.06911127
0.08122332
-0.021587843
-0.007949264
0.06025646
-0.017811187
-0.002646717
-0.022951238
-0.0005123474
0.034762528
-0.008418372
0.04149372
0.016490221
0.061100833
0.056574617
-0.03548794
-0.019155899
-0.018316114
-0.000840949
0.03296669
-0.03700933
0.026789038
-0.07016703
0.006135187
-0.02553446
-0.013688084
-0.020618686
0.023538103
0.008016553
0.032771416
0.061293986
-0.016906448
0.010765074
-0.0089327935
-0.0028121888
-0.048810367
-0.12754786
-0.056086596
-0.10831281
-0.020454334
-0.029057583
0.051523246
0.05623545
-0.055026542
0.056650437
-0.042114727
-0.035152163
-0.07479233
-0.05775851
0.01466482
-0.022070155
-0.00891498
-0.0013566671
-0.010035084
0.022310581
-0.028475452
-0.027880268
0.10864683
0.054798868
-0.009552465
-0.012429056
-0.048830993
0.06467903
-0.058727305
-0.0049908347
0.043849297
-0.07223178
-0.0069083595
-0.031731866
-0.10990867
0.005403663
0.01626842
0.039752167
0.06322874
-0.063091986
0.08927563
0.0061061378
-0.08208783
-0.024743557
0.022481432
-0.0031573041
0.017032573
-0.010919237
-0.006917912
-0.010984995
0.089126565
0.05047054
0.03933677
0.009145339
0.041965563
-0.07663562
0.04263017
0.026536856
-0.017584534
-0.12014425
-0.06439947
0.10953982
-0.0446571
0.046096943
0.0023257409
-0.021219153
-0.024605684
0.042213272
-0.036362354
-0.03414108
0.002634317
0.04924628
-0.05485181
-0.043957733
0.020916753
-0.06839378
0.100711934
0.03493941
-0.032740746
-0.058308385
0.070300445
0.075739086
-0.008245859
0.00628905
-0.021171417
-0.0016669338
0.078982696
-0.019199198
-0.02112548
-0.0472035
0.024487615
0.076740876
0.059836134
0.015488729
0.018356899
-0.044645477
0.011832606
-0.010152366
-0.0044846362
-0.057232656
0.06492201
0.10873356
0.08071376
0.030129503
-0.012930497
-0.021981377
0.00052509207
0.124019235
0.01886672
-0.0261237
0.019428656
-0.11809529
0.060452446
0.002657687
-0.0054304125
0.01070585
0.068086274
0.021657145
0.1022875
-0.04379727
-0.005515991
0.0784486
0.0028191693
0.019052934
0.025744513
0.008000027
0.009318565
-0.00254103
-0.0352418
0.023502188
-0.016733902
0.030140055
0.04303849
0.0013028423
-0.026034698
0.016881043
0.05957093
0.010911845
0.029201858
-0.115267895
0.052669793
0.005170914
-0.036664188
-0.10091563
-0.003156686
0.031357702
-0.014827224
-0.030890292
0.05425271
0.010784547
0.116643995
-0.013664935
0.13314112
-0.011301795
0.03832292
0.03413474
0.032979485
-0.069342196
0.043324407
0.015816094
-0.043548014
0.044526514
-0.019854417
0.07772623
-0.057339776
0.04861467
-0.019453311
0.013195715
0.024124302
-0.04660831
0.00039242633
0.037350375
-0.027555518
0.0027181706
0.07844447
0.020809881
-0.047061715
-0.017628504
-0.042573385
0.023949716
-0.025070133
-0.029656904
-0.018843267
0.035496797
-0.014136091
1.5554936E-32
-0.012193998
-0.08107802
-0.13895527
0.044099122
0.007206628
0.015258373
0.018594822
0.068426326
0.06496174
0.020927511
-0.09274017
-0.0027294836
-0.005368559
0.0031909891
-0.055954948
-0.0855392
-0.026121452
-0.01709663
0.048518
0.08214742
0.076768145
0.021542769
-0.01689602
-0.07506567
0.013502196
0.031441633
-0.014995815
0.026038699
-0.068612665
-0.0431447
0.024054032
-0.030524695
-0.040780216
0.04493064
-0.021747073
0.0328096
0.019403791
-0.030215513
0.033995904
-0.049261447
0.07373173
0.004949127
-0.15137978
0.03025266
-0.02634383
-0.008710187
-0.11058398
-0.021627644
-0.09679246
0.03709366
-0.028543668
-0.041235577
0.09738733
-0.018130554
0.012932697
0.046533007
0.035574466
-0.01144738
-0.066597365
0.06954387
-0.0343034
0.07702027
0.018644433
0.015463403
0.055319164
-0.046358116
0.0020851728
-0.02844321
-0.018573103
-0.025559258
0.097762346
-0.066110164
0.04398388
-0.05452448
-0.05392656
0.0758506
-0.040053066
-0.06365007
0.010502057
-0.023135204
-0.07655498
-0.04017602
0.026129307
0.036955412
0.08750989
0.014635195
0.05150697
-0.008005572
0.07638958
0.048972353
0.0034685535
-0.053474523
-0.068392664
0.08836903
-0.08572239
7.6779124E-32
0.046474226
-0.020747198
-0.04543591
0.06277411
-0.013445814
-0.04472978
-0.053717535
-0.023972638
-0.090431675
-0.019780636
0.035639353
-0.085000865
0.046448935
-0.01733098
0.08623069
-0.028377345
-0.01378415
0.024113262
-0.0840968
-0.087000385
0.06781769
0.057666857
0.008177969
-0.08880913
0.03735372
-0.021328822
-0.07937523
0.035269123
-0.08262549
-0.023510626
-0.04459177
0.004942932
0.10079565
-0.020860108
-0.09048937
0.05959558
0.00887054
0.017304087
-0.031314287
-0.047828753
-0.0011062636
0.09200016
-0.007441875
-0.012080153
0.05746257
-0.00026541625
0.026546488
-0.1018452
0.062048525
0.017536033
-0.07551508
-0.04274202
0.047391433
0.08135264
0.0403717
0.06051375
0.007000176
-0.06120124
0.0016163837
0.09109345
0.014208198
0.039530106
-0.06789388
-0.06999843
